-9.053049395161289681e+01 -8.961884469696967415e+01
-9.012726814516128115e+01 8.191795183982688400e+01
8.043724798387097508e+01 7.596557088744594921e+01
8.043724798387097508e+01 -8.312533820346317270e+01
-7.520791330645161565e+01 -4.741105248917745030e+01
-5.464339717741935942e+01 -7.554958062770560900e+01
4.414692540322579362e+01 7.325994318181824383e+01
6.632434475806451246e+01 4.133353625541130327e+01
-4.643397177419359423e+00 4.782704274891779050e+01
-4.643397177419359423e+00 2.293526785714288962e+01
-4.643397177419359423e+00 -2.497632575757535278e+00
-4.240171370967743769e+00 -2.414265422077917833e+01
-5.449848790322576519e+00 -5.174005681818178459e+01
1.914692540322579362e+01 -5.174005681818178459e+01
-6.593371975806451246e+01 8.462357954545458938e+01
