-6.311113911290321710e+01 4.836816829004334295e+01
6.309853830645161565e+01 6.027293019480524094e+01
7.156628024193548754e+01 4.133353625541130327e+01
5.140498991935484696e+01 -6.472706980519477327e+01
6.067918346774192173e+01 -6.526819534632031150e+01
7.519531250000000000e+01 -6.526819534632031150e+01
-6.794984879032257652e+01 -4.686992694805191206e+01
-5.343371975806451246e+01 -4.686992694805191206e+01
-6.915952620967740927e+01 -6.472706980519477327e+01
-5.504662298387096087e+01 -6.472706980519477327e+01
-9.885332661290320289e+00 7.783752705627762225e+00
1.404989919354846961e+00 2.293526785714288962e+01
1.350176411290323131e+01 8.866003787878838693e+00
3.421118951612896808e+00 -3.579883658008611746e+00
3.017893145161281154e+00 7.242627164502209780e+00
-1.190146169354838435e+01 9.274046266233773395e+01
-3.433719758064512462e+00 9.274046266233773395e+01
8.259828629032256231e+00 9.274046266233773395e+01
8.259828629032256231e+00 8.029457521645028351e+01
-6.111391129032313074e-01 8.137682629870135997e+01
-1.109501008064516725e+01 8.191795183982688400e+01
