1.677277595766129181e+01 1.775606229707792494e+01
1.849656628024193594e+01 1.726904931006493982e+01
1.958527595766129181e+01 1.532099736201299223e+01
1.922237273185483986e+01 1.288593242694805596e+01
1.713567918346774377e+01 1.154664671266234066e+01
1.523043724798387188e+01 1.215541294642857650e+01
1.359737273185483986e+01 1.410346489448052409e+01
1.296229208669354804e+01 1.666028307629870753e+01
1.305301789314516370e+01 2.019112723214286120e+01
1.441390498991935587e+01 2.274794541396104464e+01
1.650059853830645196e+01 2.420898437500000355e+01
1.931309853830645196e+01 2.408723112824675994e+01
2.203487273185483986e+01 2.299145190746753897e+01
2.375866305443548754e+01 2.055638697240260271e+01
2.502882434475806406e+01 1.739080255681818699e+01
2.502882434475806406e+01 1.385995840097402976e+01
2.403084047379032739e+01 1.008560775162338174e+01
2.239777595766128826e+01 8.381062297077924939e+00
1.940382434475806406e+01 5.945997362012988674e+00
1.604696950604838790e+01 5.337231128246756384e+00
1.287156628024193594e+01 5.458984375000003553e+00
9.968340473790323841e+00 7.528789569805198312e+00
7.428017893145163697e+00 1.069437398538961403e+01
6.248582409274195726e+00 1.471223112824675638e+01
6.157856602822580072e+00 2.055638697240260271e+01
7.065114667338711740e+00 2.615703632305195114e+01
8.516727570564516014e+00 2.980963372564935909e+01
1.169213079637096797e+01 3.321872463474026915e+01
1.559334047379032384e+01 3.553203632305195470e+01
2.085543724798387188e+01 3.601904931006494337e+01
