-1.553836945564516014e+00 -8.721844561688278930e-01
4.421307963709679711e-01 -6.286779626623353323e-01
1.893743699596774022e+00 1.018415178571459023e-01
2.891727570564516014e+00 1.928140219155846324e+00
2.891727570564516014e+00 4.606711647727276926e+00
2.256646925403225978e+00 7.041776582792209638e+00
1.077211441532258007e+00 9.963854504870134576e+00
7.143082157258078269e-01 1.325119216720779747e+01
1.530840473790323841e+00 1.556450385551948656e+01
3.254630796370967971e+00 1.690378956980519831e+01
4.978421118951612101e+00 1.726904931006493982e+01
7.337292086693548043e+00 1.714729606331169265e+01
8.426001764112903913e+00 1.641677658279221319e+01
9.696163054435483986e+00 1.471223112824675638e+01
1.051269531250000000e+01 1.288593242694805596e+01
1.196430821572580783e+01 1.191190645292208217e+01
1.405100176411290391e+01 1.215541294642857650e+01
1.586551789314516370e+01 1.361645190746753542e+01
1.677277595766129181e+01 1.592976359577922452e+01
1.668205015120967971e+01 1.860833502435065512e+01
1.659132434475806406e+01 2.177391943993506729e+01
1.677277595766129181e+01 2.493950385551948656e+01
1.804293724798387188e+01 2.725281554383117211e+01
1.985745337701612812e+01 2.834859476461039307e+01
2.176269531250000000e+01 2.847034801136364379e+01
2.366793724798387188e+01 2.749632203733766644e+01
2.521027595766128826e+01 2.579177658279221319e+01
2.648043724798387188e+01 2.384372463474026560e+01
2.738769531250000000e+01 2.067814021915584632e+01
2.720624369959677580e+01 1.678203632305195114e+01
2.747842111895161565e+01 1.459047788149350922e+01
2.893003402217742348e+01 1.337294541396104464e+01
3.165180821572580783e+01 1.312943892045455030e+01
3.401067918346774377e+01 1.471223112824675638e+01
3.537156628024193594e+01 1.799956879058441928e+01
3.509938886088709609e+01 2.360021814123377126e+01
