7.922757056451601443e-02 3.632685673701301354e+00
1.699533770161298918e-01 1.203365969967532934e+01
1.530840473790323841e+00 1.507749086850649789e+01
4.071163054435483986e+00 1.556450385551948656e+01
1.060342111895161210e+01 1.361645190746753542e+01
1.323446950604838790e+01 1.422521814123377126e+01
1.559334047379032384e+01 1.702554281655844548e+01
1.523043724798387188e+01 2.299145190746753897e+01
2.103688886088709609e+01 2.725281554383117211e+01
2.693406628024193594e+01 2.274794541396104464e+01
2.602680821572580783e+01 1.799956879058441928e+01
2.121834047379032029e+01 1.580801034902597735e+01
2.784132434475806406e+01 5.215477881493509216e+00
