-2.370369203629032029e+00 1.321276379870132800e+00
7.922757056451601443e-02 3.756341314935067288e+00
1.349388860887097863e+00 5.826146509740262047e+00
2.528824344758065834e+00 9.113484172077924939e+00
2.982453377016129892e+00 1.179205560064935554e+01
3.345356602822581848e+00 1.495764001623377126e+01
3.345356602822581848e+00 1.848848417207792849e+01
3.436082409274193949e+00 2.177582183441559138e+01
3.889711441532259784e+00 2.506315949675325427e+01
4.978421118951612101e+00 2.835049715909091717e+01
6.430034022177419928e+00 3.078556209415585343e+01
9.242534022177419928e+00 3.322062702922077904e+01
1.223648563508064768e+01 3.443815949675325783e+01
1.513971144153225978e+01 3.468166599025974506e+01
1.795221144153225978e+01 3.419465300324675638e+01
2.022035660282258362e+01 3.212484780844155807e+01
2.230705015120967971e+01 2.944627637987013813e+01
2.384938886088709609e+01 2.688945819805195114e+01
2.511955015120967971e+01 2.445439326298701488e+01
2.720624369959677580e+01 2.262809456168831801e+01
2.893003402217742348e+01 2.153231534090909705e+01
3.147035660282258362e+01 2.043653612012987608e+01
3.373850176411290391e+01 2.031478287337662891e+01
3.591592111895161565e+01 2.019302962662338174e+01
3.890987273185483986e+01 2.031478287337662891e+01
