-8.044984879032257652e+01 8.590875270562776223e+01
-8.367565524193548754e+01 6.805160984848490102e+01
-8.528855846774192173e+01 3.774857954545458938e+01
-8.448210685483870463e+01 6.904423701298753713e+00
-8.044984879032257652e+01 -1.474059794372290355e+01
-7.601436491935483275e+01 -3.151548971861468829e+01
-6.714339717741934521e+01 -4.558475378787875343e+01
-5.746597782258064058e+01 -5.586613906926403672e+01
-4.133694556451612812e+01 -7.047652867965365431e+01
-2.278855846774193594e+01 -8.021678841991339937e+01
-9.885332661290320289e+00 -8.292241612554110475e+01
1.108240927419353739e+01 -8.508691829004325768e+01
2.721144153225804985e+01 -8.346354166666664298e+01
3.930821572580643419e+01 -7.805228625541123222e+01
5.019531250000000000e+01 -5.965401785714283278e+01
5.463079637096774377e+01 -2.285748106060601970e+01
5.382434475806451246e+01 -1.302083333332859638e-01
5.463079637096774377e+01 3.396070075757580753e+01
6.027595766129030608e+01 5.127671807359311629e+01
7.479208669354838435e+01 7.292173971861478776e+01
