-3.286920362903225623e+01 -8.833367153679651551e+01
-5.786920362903225623e+01 -8.021678841991339937e+01
-7.762726814516128115e+01 -6.127739448051944748e+01
-8.690146169354838435e+01 -3.800899621212117552e+01
-8.891759072580644840e+01 -1.798735119047614717e+01
-8.972404233870966550e+01 1.664468344155849877e+01
-8.690146169354838435e+01 4.965334145021648737e+01
-8.125630040322579362e+01 6.696935876623382455e+01
-6.432081653225806406e+01 7.887412067099572255e+01
-4.456275201612902492e+01 8.536762716450220978e+01
-1.472404233870967971e+01 8.590875270562776223e+01
9.872731854838718846e+00 8.807325487012991516e+01
4.334047379032259073e+01 8.699100378787883869e+01
6.793724798387097508e+01 8.049749729437235146e+01
8.446950604838710319e+01 4.802996482683988688e+01
8.971144153225804985e+01 1.069230248917753556e+01
8.769531250000000000e+01 -2.826873647186143046e+01
7.721144153225804985e+01 -5.911289231601728034e+01
6.592111895161289681e+01 -7.859341179653677045e+01
4.455015120967740927e+01 -7.913453733766230869e+01
1.188886088709676869e+01 -6.668864989177487246e+01
-9.482106854838704635e+00 -5.478388798701296025e+01
-2.682081653225806406e+01 -3.746787067099563728e+01
-3.851436491935483275e+01 -1.798735119047614717e+01
-4.415952620967742348e+01 7.445549242424277736e+00
-4.456275201612902492e+01 3.287844967532473106e+01
-3.851436491935483275e+01 4.748883928571433444e+01
-2.682081653225806406e+01 5.235896915584422118e+01
-8.272429435483871885e+00 5.452347132034637411e+01
7.453377016129024923e+00 5.398234577922082167e+01
1.753402217741935942e+01 4.911221590909096335e+01
2.963079637096774377e+01 3.991308170995677074e+01
3.930821572580643419e+01 2.692606872294376785e+01
4.575982862903225623e+01 9.068925865800906649e+00
4.656628024193548754e+01 -1.753584956709914877e+00
4.334047379032259073e+01 -1.690510010822507070e+01
3.285660282258064058e+01 -2.339860660173155793e+01
1.713079637096774377e+01 -2.610423430735927752e+01
5.840473790322590730e+00 -1.798735119047614717e+01
-1.014364919354846961e+00 -5.000338203463158493e+00
1.953125000000000000e-01 1.556243235930739388e+01
