-8.690146169354838435e+01 -6.713338744588384088e-01
-8.367565524193548754e+01 2.205593885281390953e+01
-7.561113911290323131e+01 3.991308170995677074e+01
-5.827242943548387188e+01 5.614684794372300303e+01
-3.811113911290323131e+01 5.885247564935070841e+01
-2.399823588709676869e+01 5.073559253246759226e+01
-1.270791330645161565e+01 3.233732413419917862e+01
-5.853074596774192173e+00 1.015117694805198312e+01
3.421118951612896808e+00 -1.798735119047614717e+01
1.995337701612902492e+01 -3.746787067099563728e+01
3.809853830645161565e+01 -4.287912608225104805e+01
5.745337701612902492e+01 -4.233800054112550981e+01
7.358240927419353739e+01 -3.422111742424239367e+01
8.285660282258064058e+01 -1.203497023809519817e+01
8.648563508064515304e+01 5.281047077922124799e+00
8.164692540322579362e+01 2.854944534632039677e+01
7.600176411290323131e+01 4.207758387445892367e+01
5.987273185483871885e+01 5.290009469696974520e+01
4.011466733870966550e+01 5.127671807359311629e+01
2.398563508064515304e+01 4.207758387445892367e+01
9.469506048387103192e+00 2.909057088744592079e+01
-2.319178427419355160e+01 -2.294710497835453111e+00
-3.690146169354838435e+01 -1.852847673160169961e+01
-4.738533266129032029e+01 -2.989211309523805937e+01
-5.786920362903225623e+01 -3.963237283549780443e+01
-7.157888104838710319e+01 -5.532501352813849849e+01
-8.125630040322579362e+01 -6.777090097402594893e+01
-9.093371975806451246e+01 -8.671029491341988660e+01
