-8.649823588709676869e+01 -8.562804383116881013e+01
-8.811113911290323131e+01 -6.713338744588384088e-01
-8.811113911290323131e+01 5.614684794372300303e+01
-8.286920362903225623e+01 7.562736742424249314e+01
-7.157888104838710319e+01 8.861438041125546761e+01
-5.665952620967742348e+01 9.510788690476195484e+01
-4.375630040322580783e+01 9.023775703463209652e+01
-3.730468750000000000e+01 7.616849296536801717e+01
-3.690146169354838435e+01 6.155810335497841379e+01
-5.867565524193548754e+01 -4.071462391774888090e+01
-6.149823588709676869e+01 -5.911289231601728034e+01
-5.907888104838708898e+01 -7.318215638528135969e+01
-5.303049395161289681e+01 -8.346354166666664298e+01
-4.254662298387096087e+01 -8.725142045454543904e+01
-3.448210685483870463e+01 -8.725142045454543904e+01
-2.480468750000000000e+01 -7.913453733766230869e+01
-2.480468750000000000e+01 -7.913453733766230869e+01
-1.835307459677419217e+01 -6.290077110389607640e+01
-1.633694556451612812e+01 -4.450250270562767696e+01
-1.270791330645161565e+01 5.722909902597407950e+01
-8.675655241935487538e+00 7.238061417748923532e+01
-2.079133064516156537e-01 8.374425054112560929e+01
9.872731854838718846e+00 8.482650162337668576e+01
1.793724798387097508e+01 8.103862283549790391e+01
2.398563508064515304e+01 6.859273538961045347e+01
1.955015120967740927e+01 -4.829038149350645881e+01
1.914692540322579362e+01 -6.722977543290039648e+01
2.680821572580646261e+01 -8.075791396103893760e+01
3.809853830645161565e+01 -8.562804383116881013e+01
5.342111895161289681e+01 -8.400466720779218122e+01
5.946950604838710319e+01 -6.777090097402594893e+01
5.624369959677417796e+01 5.073559253246759226e+01
5.584047379032256231e+01 6.913386093073597749e+01
6.390498991935484696e+01 8.482650162337668576e+01
7.801789314516128115e+01 9.186113365800872543e+01
9.253402217741935942e+01 8.266199945887450440e+01
9.616305443548387188e+01 6.372260551948056673e+01
9.656628024193548754e+01 -9.428605248917746451e+01
